7012428835
3609595864
2784895732
6276015062
3923891133
6737203334
4222007580
2513984830
7343651520
8538412522
6568927384
8374871373
2079997857
5299729073
3319982048
5645780918
6246815637
5946449501
8666635718
9833531562
5876861000
7192610189
8158161742
7976250273
5863372021
2124092440
5667057373
8388658703
2037546826
9228249022
2745421001
7042460777
2304368749
7745281544
4302087381
4416821740
3135688198
8364213233
2527874949
9098602086
7647767033
2088940132
6212351723
8834602690
2732588882
5682976248
9039271536
9244992745
2667080106
4282712164
2439034116
2379331656
3872210940
7978971390
6557927265
9063621808
7846017895
2887269583
5234018995
5247922757
5126979890
5828876094
4047356711
9215633611
5775865146
2485052860
2856624604
2062680324
5923960104
5459796499
7869937673
7523937348
3304781530
9023685166
3515097344
4209754187
5792431510
9606983237
8657489945
8458086549
5146003506
6902269820
7788107462
4302821829
3678124120
2572246194
6427570489
4322929748
2494267495
9308575025
9236666172
5305571959
4523603152
5393553898
4899959335
3396693119
3009374409
9364426193
7384767547
7318535608